Routing table of 1 entries has been loaded.
1500 2000 32767
1560 3000 32767
1572 4000 32767
1673 5000 32767
1687 6000 32767
1840 3333 3000
1909 4833 3000
2084 5039 3000
2267 5237 3000
2298 5427 3000
2308 5611 3000
2316 5759 3000
2452 5787 3000
2470 5959 3000
2477 5965 3000
2639 6126 3000
2741 6289 3000
2933 6448 3000
2951 6603 3000
2958 6692 3000
3191 6752 3000
3204 6900 3000
3210 6900 3000
3456 7044 3000
3493 7185 3000
3499 7324 3000
3504 7460 3000
3509 7594 3000
3514 7631 3000
3608 7724 3000
3625 7841 3000
3943 7853 3000
3965 7980 3000
3972 8105 3000
4179 8228 3000
4191 8349 3000
4198 8468 3000
4205 8576 3000
4265 8585 3000
4581 6270 4292
4748 6351 4292
4760 6508 4292
4765 6661 4292
4771 6811 4292
4776 6957 4292
4853 7100 4292
4917 7207 4292
4952 7240 4292
4995 7378 4292
5004 7513 4292
5009 7646 4292
5058 7776 4292
5220 4134 3888
5256 5783 3888
5486 5821 3888
5509 5992 3888
5618 3329 2996
5646 4398 2996
5756 4498 2996
5773 4720 2996
5780 4931 2996
5848 5133 2996
5860 5319 2996
5929 5327 2996
5978 5514 2996
5987 5695 2996
6156 5858 2996
6175 5869 2996
6185 6039 2996
6194 6204 2996
6313 6248 2996
6349 6256 2996
6408 6363 2996
6418 6520 2996
6468 6626 2996
6508 6672 2996
6534 6821 2996
6585 6967 2996
6593 7110 2996
6653 7138 2996
6663 7182 2996
6715 7190 2996
6774 7247 2996
6829 7384 2996
6840 7454 2996
6894 7518 2996
6907 7560 2996
6963 7606 2996
7146 3889 3803
7178 5658 3803
7241 5679 3803
7257 5727 3803
7285 5853 3803
7293 6023 3803
7332 6189 3803
7424 3417 3094
7447 3709 3094
7482 3854 3094
7579 3973 3094
7667 4775 3094
7786 4817 3094
7897 4943 3094
8162 5210 1235
8341 5361 1235
8376 5547 1235
8475 5727 1235
8500 5901 1235
8639 3288 2950
8763 3415 2950
8828 3584 2950
8874 3863 2950
8953 4004 2950
8995 4616 2950
9053 4802 2950
9387 4830 2950
9510 4944 2950
9552 5034 2950
9635 5232 2950
9685 5423 2950
9708 5536 2950
9728 5605 2950
9745 5723 2950
9976 5751 2950
10173 5780 2950
10231 5865 2950
10268 5951 2950
10289 5956 2950
10315 6118 2950
10377 6155 2950
10393 6279 2950
10411 6346 2950
10433 6436 2950
10469 6459 2950
10488 6529 2950
10512 6589 2950
10528 6647 2950
10555 6676 2950
10582 6705 2950
10636 6737 2950
10681 6790 2950
10702 6877 2950
10719 6882 2950
10738 6883 2950
10778 7028 2950
10839 7044 2950
10913 7082 2950
10930 7168 2950
10947 7206 2950
11127 3738 3603
11146 4067 3603
11214 4099 3603
11238 4210 3603
11303 4307 3603
11351 4731 3603
11659 1044 2365
11691 5731 2365
11852 5807 2365
12203 3247 2903
12312 3554 2903
12351 4625 2903
12440 4666 2903
12504 4880 2903
12553 5084 2903
12590 5280 2903
12647 5469 2903
12792 5547 2903
12850 5589 2903
12894 5648 2903
12907 5803 2903
12925 5823 2903
12942 5994 2903
12961 6008 2903
12984 6160 2903
13003 6205 2903
13034 6321 2903
13173 6395 2903
13196 6474 2903
13558 6477 2903
13673 6516 2903
13701 6576 2903
13757 6629 2903
13784 6732 2903
13812 6752 2903
13834 6778 2903
13854 6924 2903
13889 6924 2903
13934 6937 2903
14163 3729 3468
14291 3771 3468
14334 5327 3468
14484 5509 3468
14569 5690 3468
14598 5865 3468
14629 6035 3468
14671 6200 3468
14711 6257 3468
14779 6359 3468
14809 6439 3468
14824 6515 3468
14841 6620 3468
14886 6666 3468
14944 6795 3468
14967 6814 3468
14981 6960 3468
15004 6965 3468
15037 7103 3468
15100 7131 3468
15115 7188 3468
15142 7241 3468
15173 7290 3468
15195 7370 3468
15311 7377 3468
15348 7446 3468
15361 7511 3468
15380 7552 3468
15412 7599 3468
15454 7642 3468
15473 7728 3468
15512 7747 3468
15531 7771 3468
15583 7894 3468
15608 7899 3468
15699 8025 3468
16002 8037 3468
16025 8065 3468
16045 8123 3468
16161 8147 3468
16316 8176 3468
16342 8225 3468
16409 8267 3468
16577 8305 3468
16606 8312 3468
16626 8382 3468
16653 8386 3468
17007 8446 3468
17034 8487 3468
17068 8503 3468
17099 8534 3468
17116 8578 3468
17140 8619 3468
17571 4399 4309
17598 6270 4309
17689 6330 4309
17777 6487 4309
17795 6641 4309
17813 6791 4309
17850 6938 4309
17915 7082 4309
17989 7207 4309
18019 7222 4309
18054 7267 4309
18069 7359 4309
18087 7425 4309
18101 7494 4309
18123 7579 4309
18140 7626 4309
18152 7729 4309
18187 7756 4309
18220 7876 4309
18241 7883 4309
18278 8009 4309
18456 8019 4309
18472 8133 4309
18487 8144 4309
18706 4102 4072
18772 4655 4072
18852 4763 4072
18882 5392 4072
18989 5577 4072
19056 5799 4072
19125 5930 4072
19162 6098 4072
19200 6261 4072
19281 6323 4072
19385 6419 4072
19451 6508 4072
19470 6572 4072
19484 6724 4072
19591 3373 3362
19653 3637 3362
19762 3656 3362
19801 5221 3362
19937 5273 3362
19970 5462 3362
20007 5645 3362
20133 5822 3362
20153 5993 3362
20180 6150 3362
20211 6158 3362
20249 6202 3362
20312 6319 3362
20331 6392 3362
20361 6476 3362
20407 6575 3362
20429 6628 3362
20444 6752 3362
20530 6778 3362
20546 6924 3362
20577 6925 3362
20703 3750 3462
20725 3775 3462
20781 3791 3462
20807 4097 3462
20892 4227 3462
20941 5190 3462
21036 5204 3462
21081 5219 3462
21105 5395 3462
21137 5580 3462
21171 5759 3462
21322 3226 2879
21357 4701 2879
21440 4752 2879
21464 4962 2879
21522 5163 2879
21558 5356 2879
21583 5542 2879
21623 5625 2879
21693 5676 2879
21989 2925 2838
22095 4780 2838
22567 4899 2838
22812 5103 2838
22989 2943 2551
23055 4337 2551
23231 4543 2551
23266 4763 2551
23290 4972 2551
23389 5173 2551
23527 5258 2551
23559 5364 2551
23721 5465 2551
23754 5548 2551
23787 5685 2551
23807 5726 2551
23823 5895 2551
24107 5899 2551
24202 6068 2551
24265 6096 2551
24283 6182 2551
24361 6230 2551
24423 6288 2551
24531 6389 2551
24557 6390 2551
24573 6474 2551
24593 6543 2551
24610 6611 2551
24749 6653 2551
24764 6694 2551
24780 6823 2551
24846 6827 2551
24898 6841 2551
24919 6987 2551
24942 6996 2551
24993 7024 2551
25191 7110 2551
25249 7126 2551
25286 7158 2551
25453 7216 2551
25528 7264 2551
25585 7317 2551
25611 7318 2551
25634 7400 2551
26035 3705 3700
26065 4778 3700
26203 4791 3700
26325 4838 3700
26396 5010 3700
26746 5062 3700
26938 5380 3700
27258 5454 3700
27315 6013 3700
27382 6104 3700
27637 6267 3700
27700 6327 3700
27748 6401 3700
27788 6423 3700
27900 3522 3211
27937 4403 3211
28070 4606 3211
28128 4823 3211
28252 4875 3211
28801 5562 3211
28877 5632 3211
28904 5778 3211
28990 5808 3211
29051 5830 3211
29071 5979 3211
29168 3323 2989
29210 4821 2989
29310 4825 2989
29339 5032 2989
29363 5230 2989
29388 5421 2989
29436 5605 2989
29519 5747 2989
29560 5751 2989
29603 5781 2989
29795 3236 2890
29850 4713 2890
29964 4759 2890
30000 4969 2890
30050 5170 2890
30095 5363 2890
30122 5549 2890
30177 5638 2890
30219 5685 2890
30261 5727 2890
30317 5896 2890
30475 5901 2890
30784 6070 2890
30891 6098 2890
30937 6234 2890
31031 6292 2890
31294 6393 2890
31695 6478 2890
31788 6547 2890
31838 6567 2890
31916 6657 2890
31990 6698 2890
32015 6827 2890
32384 6832 2890
32433 6846 2890
32455 6992 2890
32477 7002 2890
32602 3557 3501
32705 3762 3501
32976 1234 1881
33039 1655 1881
33091 2000 1881
33155 2196 1881
33214 2472 1881
33435 1027 1236
33540 1547 1236
33760 1152 773
33827 1413 773
33857 3587 773
33945 3845 773
33989 4105 773
34029 4348 773
34082 4499 773
34163 4574 773
34190 4758 773
34219 4790 773
34235 4998 773
34255 5019 773
34275 5197 773
34296 5263 773
34326 5386 773
34416 5415 773
34481 5491 773
34578 5568 773
34597 5676 773
34617 5708 773
34633 5744 773
34649 5917 773
34669 5917 773
34684 5937 773
34707 6084 773
34729 6116 773
34745 6183 773
34778 6245 773
34813 6306 773
34841 6335 773
34877 6402 773
34920 6412 773
34954 6490 773
35065 6556 773
35241 3363 3278
35263 4469 3278
35380 4523 3278
35620 5132 3278
35688 5326 3278
35709 5414 3278
35821 5469 3278
35874 5511 3278
35928 5692 3278
35956 5867 3278
36072 3273 2933
36124 4760 2933
36215 4787 2933
36254 4995 2933
36323 5195 2933
36353 5387 2933
36418 5572 2933
36439 5684 2933
36667 4842 2842
36805 4984 2842
36962 5184 2842
37048 5376 2842
37097 5562 2842
37131 5741 2842
37196 5767 2842
37295 5911 2842
37341 5913 2842
37376 6082 2842
37409 6112 2842
37514 6245 2842
37549 6305 2842
37570 6403 2842
37606 6490 2842
37632 6557 2842
37661 6670 2842
37684 6696 2842
37713 6707 2842
37748 6840 2842
37784 6842 2842
37971 3446 3421
37998 4224 3421
38110 4299 3421
38178 5172 3421
38237 5201 3421
38322 5219 3421
38360 5276 3421
38382 5408 3421
38411 5592 3421
38445 5770 3421
38491 5943 3421
38558 6098 3421
38732 6109 3421
38785 6126 3421
38871 6144 3421
39130 6201 3421
39152 6269 3421
39252 6334 3421
39272 6427 3421
39301 6519 3421
39334 6581 3421
39353 6698 3421
39376 6732 3421
39394 6872 3421
39426 6880 3421
39528 7025 3421
39747 7028 3421
39903 3537 3514
39936 5492 3514
40035 5497 3514
40097 5669 3514
40127 5845 3514
40144 6016 3514
40174 6182 3514
40193 6343 3514
40212 6424 3514
40249 6429 3514
40289 6498 3514
40340 6600 3514
40367 6650 3514
40391 6777 3514
40438 6799 3514
40475 6946 3514
40557 6948 3514
40728 7089 3514
40833 7114 3514
40874 7228 3514
40915 7275 3514
41180 3801 3637
41303 3810 3637
41385 3815 3637
41482 3945 3637
41538 4072 3637
41630 4138 3637
41710 4230 3637
41912 1350 2115
41980 1972 2115
42042 2149 2115
42124 2242 2115
42193 2663 2115
42257 2669 2115
42343 2682 2115
42401 3663 2115
42529 3676 2115
42584 3762 2115
42609 4027 2115
42638 4275 2115
42677 4508 2115
42785 4573 2115
42812 4586 2115
42833 4674 2115
42852 4724 2115
42867 4935 2115
42891 4940 2115
42905 5136 2115
42925 5189 2115
42978 5328 2115
43049 5423 2115
43295 5489 2115
43559 2771 2744
43634 4724 2744
43768 4859 2744
43812 5064 2744
43838 5261 2744
43857 5451 2744
43884 5634 2744
43904 5648 2744
43951 5785 2744
44196 5809 2744
44217 5981 2744
44236 5991 2744
44259 6147 2744
44279 6189 2744
44292 6308 2744
44319 6379 2744
44369 6465 2744
44444 6563 2744
44479 6577 2744
44525 6618 2744
44580 6715 2744
44651 6739 2744
44666 6767 2744
44799 6911 2744
44821 6913 2744
44998 3471 3456
45020 5446 3456
45105 5461 3456
45162 5644 3456
45183 5821 3456
45201 5992 3456
45247 6158 3456
45353 6320 3456
45372 6376 3456
45402 6391 3456
45525 6475 3456
45564 6574 3456
45609 6628 3456
45633 6751 3456
45659 6777 3456
45678 6923 3456
45753 6924 3456
45852 7068 3456
45914 7090 3456
45930 7208 3456
45949 7252 3456
45965 7309 3456
46000 7325 3456
46183 3702 3662
46243 3830 3662
46303 3967 3662
46374 4021 3662
46486 4122 3662
46543 4212 3662
46583 4347 3662
46810 1205 2173
47184 1428 2173
47267 2343 2173
47380 2346 2173
47612 2378 2173
47720 2798 2173
47842 2822 2173
47903 3789 2173
48037 3813 2173
48094 3841 2173
48124 4101 2173
48162 4344 2173
48238 4574 2173
48477 4702 2173
48531 4726 2173
48610 4755 2173
48628 4788 2173
48773 2811 2394
48812 4158 2394
48950 4208 2394
48995 4445 2394
49025 4669 2394
49073 4883 2394
49112 5076 2394
49221 5086 2394
49265 5126 2394
49289 5280 2394
49333 5364 2394
49372 5467 2394
49508 5589 2394
49550 5648 2394
49576 5804 2394
49632 5824 2394
49819 3255 2912
49863 4737 2912
50062 4774 2912
50187 4387 2387
50364 4438 2387
50535 2669 2219
50564 3793 2219
50655 3835 2219
50742 3907 2219
50776 4050 2219
50807 4543 2219
50865 4717 2219
51009 4760 2219
51044 4760 2219
51062 4832 2219
51087 4967 2219
51108 4977 2219
51193 5167 2219
51219 5360 2219
51277 5461 2219
51304 5544 2219
51321 5635 2219
51380 5678 2219
51448 5678 2219
51476 5720 2219
51501 5750 2219
51525 5887 2219
51680 2954 2943
51768 4153 2943
51873 4262 2943
51911 4479 2943
51999 4495 2943
52040 5220 2943
52103 5361 2943
52152 5436 2943
52225 5452 2943
52254 5544 2943
52279 5724 2943
52304 5898 2943
52335 6067 2943
52362 6146 2943
52518 3241 3073
52546 3717 3073
52595 3839 3073
52702 4620 3073
53201 1067 2310
53250 5620 2310
53509 5687 2310
53583 5862 2310
53619 6032 2310
53657 6197 2310
53701 6358 2310
53732 6515 2310
53763 6551 2310
53834 6619 2310
53898 6666 2310
53976 6795 2310
54036 6815 2310
54061 6961 2310
54123 6965 2310
54156 7103 2310
54205 7130 2310
54236 7242 2310
54330 7291 2310
54429 7379 2310
54517 7448 2310
54740 3798 3724
54837 3853 3724
54923 3932 3724
54962 4023 3724
55047 4106 3724
55176 4304 3724
55344 4346 3724
55557 5487 3724
55705 5493 3724
55758 5675 3724
55791 5851 3724
55946 6021 3724
55983 6187 3724
56009 6348 3724
56037 6418 3724
56081 6424 3724
56125 6502 3724
56851 3458 3251
56999 4997 3251
57250 5097 3251
57372 5194 3251
57430 5386 3251
57624 5571 3251
57693 5750 3251
57714 5923 3251
57748 5923 3251
57846 6024 3251
57896 6090 3251
57915 6121 3251
57930 6252 3251
57969 6313 3251
58078 6410 3251
58102 6499 3251
58251 3381 3249
58367 5155 3249
58614 5168 3249
58676 5347 3249
58732 5534 3249
58776 5714 3249
58806 5889 3249
58823 6058 3249
58845 6083 3249
58876 6096 3249
58972 6221 3249
59079 6276 3249
59121 6380 3249
59174 6463 3249
59197 6535 3249
59224 6644 3249
59251 6687 3249
59271 6819 3249
59308 6835 3249
59329 6981 3249
59354 6989 3249
59381 7014 3249
59418 7027 3249
59506 7121 3249
59604 7152 3249
59628 7208 3249
59704 7260 3249
59822 7312 3249
59860 7396 3249
59949 7396 3249
60562 7468 3249
60663 7530 3249
60691 7577 3249
60714 7620 3249
60750 7661 3249
60773 7753 3249
60925 7769 3249
60953 7790 3249
60976 7915 3249
61015 7917 3249
61037 7922 3249
61058 7947 3249
61136 7960 3249
61197 8040 3249
61299 8055 3249
61325 8086 3249
61397 8142 3249
61435 8162 3249
61463 8193 3249
61488 8245 3249
61511 8282 3249
61546 8329 3249
61584 8329 3249
61606 8401 3249
61634 8401 3249
61665 8463 3249
61758 8510 3249
61787 8517 3249
61808 8553 3249
61828 8594 3249
61854 8633 3249
61881 8686 3249
61922 8702 3249
61999 8723 3249
62034 8747 3249
62106 8849 3249
62138 8851 3249
62159 8856 3249
62179 8859 3249
62200 8881 3249
62663 8894 3249
62683 8970 3249
62727 8974 3249
62807 8989 3249
62825 9020 3249
62861 9076 3249
62920 9078 3249
62938 9095 3249
62953 9126 3249
62993 9179 3249
63216 4602 4589
63315 4819 4589
63448 4902 4589
63545 4902 4589
63616 5199 4589
63738 5225 4589
63784 5559 4589
63935 5604 4589
64097 6185 4589
64489 6237 4589
64565 6561 4589
64600 6621 4589
64616 6772 4589
64718 6919 4589
64909 3748 3459
64939 4592 3459
65034 4691 3459
65127 5180 3459
65192 5195 3459
65213 5387 3459
65492 2974 2693
65610 4530 2693
65778 4665 2693
65875 2760 2332
65908 4087 2332
65993 4168 2332
66271 4407 2332
66317 4633 2332
66342 4848 2332
66408 5003 2332
66489 5052 2332
66525 5085 2332
66540 5248 2332
66557 5325 2332
66590 5436 2332
66611 5552 2332
66629 5618 2332
66658 5768 2332
66715 5794 2332
66733 5924 2332
66802 5965 2332
66835 5973 2332
66854 6006 2332
66879 6130 2332
67069 6170 2332
67108 6248 2332
67130 6290 2332
67157 6359 2332
67178 6447 2332
67223 6475 2332
67242 6541 2332
67266 6599 2332
67294 6692 2332
67350 6718 2332
67383 6748 2332
67430 6848 2332
67541 6889 2332
67627 6894 2332
67654 6897 2332
67668 6930 2332
67701 7036 2332
67718 7054 2332
67738 7094 2332
67756 7173 2332
67775 7175 2332
67883 7215 2332
67898 7284 2332
67920 7312 2332
67934 7373 2332
67948 7401 2332
67963 7446 2332
67992 7467 2332
68012 7525 2332
68042 7578 2332
68061 7618 2332
68079 7644 2332
68140 7674 2332
68169 7706 2332
68192 7774 2332
68225 7816 2332
68342 7821 2332
68375 7824 2332
68393 7833 2332
68422 7857 2332
68450 7960 2332
68725 3989 3980
68766 4108 3980
68860 4226 3980
68934 4804 3980
69002 5159 3980
69079 5210 3980
69140 5752 3980
69202 5882 3980
69225 6052 3980
69258 6104 3980
69389 6155 3980
69414 6214 3980
69433 6374 3980
69458 6530 3980
69475 6683 3980
69492 6683 3980
69510 6814 3980
69532 6831 3980
69544 6977 3980
69562 6984 3980
69645 7036 3980
69740 7088 3980
69838 7118 3980
69858 7148 3980
69873 7257 3980
69891 7308 3980
69904 7393 3980
69928 7464 3980
69942 7526 3980
69968 7616 3980
70017 7616 3980
70140 7657 3980
70169 7747 3980
70200 7764 3980
70231 7785 3980
70256 7910 3980
70294 7912 3980
70318 7916 3980
70332 7968 3980
70388 8020 3980
70420 8035 3980
70451 8049 3980
70669 4084 4024
70731 4407 4024
70805 4479 4024
70826 5247 4024
70886 5275 4024
70913 5541 4024
70992 5617 4024
71030 6230 4024
71066 6250 4024
71083 6410 4024
71101 6494 4024
71167 6564 4024
71201 6570 4024
71230 6716 4024
71254 6864 4024
71272 7009 4024
71312 7151 4024
71477 7164 4024
71506 7184 4024
71535 7288 4024
71572 7344 4024
71589 7424 4024
71607 7428 4024
71720 7499 4024
71890 7505 4024
71965 7556 4024
71991 7650 4024
72017 7687 4024
72053 7799 4024
72100 7816 4024
72164 7943 4024
72199 7944 4024
72218 8068 4024
72266 8086 4024
72292 8099 4024
72313 8119 4024
72385 8188 4024
72412 8223 4024
72433 8279 4024
72467 8308 4024
72489 8359 4024
72506 8363 4024
72570 8427 4024
72856 6213 4213
72992 6305 4213
73034 6463 4213
73058 6617 4213
73117 6768 4213
73160 6915 4213
73213 7059 4213
73256 7149 4213
73309 7199 4213
73361 7241 4213
73419 7336 4213
73506 7399 4213
73528 7471 4213
73553 7553 4213
73779 7603 4213
73845 7704 4213
73876 7734 4213
73899 7852 4213
73937 7862 4213
73990 7989 4213
74034 7996 4213
74070 8087 4213
74108 8113 4213
74149 8137 4213
74168 8179 4213
74189 8234 4213
74212 8274 4213
74227 8337 4213
74244 8353 4213
74274 8409 4213
74372 8471 4213
74487 8491 4213
74510 8541 4213
74534 8587 4213
74561 8641 4213
74644 8671 4213
74676 8701 4213
74728 8789 4213
74771 8799 4213
74810 8814 4213
74848 8926 4213
74937 8927 4213
74959 8933 4213
74980 9024 4213
75017 9037 4213
75046 9049 4213
75079 9073 4213
75184 9115 4213
75205 9145 4213
75227 9170 4213
75242 9211 4213
75257 9253 4213
75284 9274 4213
75300 9290 4213
75313 9346 4213
75690 4698 4673
75719 5509 4673
75791 5542 4673
75826 5709 4673
75964 5719 4673
76044 5721 4673
76096 6141 4673
76272 6208 4673
76359 6720 4673
76537 3657 3360
76619 3930 3360
76653 4068 3360
76822 1455 2034
76853 5175 2034
76947 5229 2034
77058 5420 2034
77103 5604 2034
77171 5782 2034
77314 5954 2034
77363 6104 2034
77418 6121 2034
77593 6158 2034
77745 3329 3079
77785 3455 3079
77949 1580 1727
78012 2184 1727
78084 2365 1727
78139 2695 1727
78206 2775 1727
78242 3667 1727
78352 3748 1727
78445 1994 1874
78482 2495 1874
78626 2000 1247
78672 2761 1247
78816 2933 1247
78858 3273 1247
78898 3578 1247
78917 3657 1247
78943 3834 1247
78989 3851 1247
79008 4110 1247
79084 4176 1247
79158 4350 1247
79207 4482 1247
79239 4562 1247
79291 4574 1247
79390 4741 1247
79432 4758 1247
79474 4789 1247
79500 4997 1247
79528 5019 1247
79657 5086 1247
79706 5194 1247
79729 5261 1247
79760 5384 1247
79788 5395 1247
79800 5477 1247
79832 5489 1247
79872 5566 1247
79906 5657 1247
79977 5674 1247
80011 5705 1247
80030 5741 1247
80062 5914 1247
80085 5914 1247
80104 5935 1247
80138 6003 1247
80172 6080 1247
80193 6111 1247
80222 6179 1247
80241 6241 1247
80281 6302 1247
80302 6313 1247
80316 6396 1247
80349 6399 1247
80387 6408 1247
80407 6486 1247
80448 6552 1247
80467 6577 1247
80481 6594 1247
80508 6625 1247
80542 6662 1247
80576 6700 1247
80595 6835 1247
80629 6835 1247
80647 6847 1247
80661 6856 1247
80698 6925 1247
80720 6991 1247
80754 7002 1247
80779 7034 1247
80793 7102 1247
80823 7131 1247
80845 7164 1247
80874 7226 1247
80893 7237 1247
80924 7269 1247
80943 7320 1247
80964 7323 1247
80984 7332 1247
80998 7404 1247
81018 7411 1247
81032 7504 1247
81047 7521 1247
81086 7537 1247
81107 7552 1247
81122 7589 1247
81149 7628 1247
81197 7667 1247
81216 7764 1247
81234 7764 1247
81248 7776 1247
81283 7785 1247
81301 7795 1247
81316 7854 1247
81333 7921 1247
81369 7922 1247
81385 7932 1247
81400 7964 1247
81415 8033 1247
81430 8046 1247
81460 8062 1247
81493 8095 1247
81528 8157 1247
81550 8167 1247
81564 8167 1247
81593 8199 1247
81612 8251 1247
81682 8254 1247
81720 8263 1247
81742 8286 1247
81771 8334 1247
81788 8341 1247
81816 8405 1247
82162 4260 4202
82195 4791 4202
82329 4791 4202
82399 5085 4202
82502 5100 4202
82535 5305 4202
82631 5332 4202
82688 6064 4202
82765 6212 4202
82793 6268 4202
82883 6295 4202
82984 3297 3147
83015 5062 3147
83122 5097 3147
83152 5293 3147
83206 5481 3147
83243 5663 3147
83274 5839 3147
83295 5990 3147
83323 6009 3147
83350 6025 3147
83365 6174 3147
83387 6221 3147
83473 6334 3147
83572 6409 3147
83685 6489 3147
83710 6591 3147
83746 6642 3147
83763 6768 3147
83791 6791 3147
83806 6919 3147
83839 6937 3147
83870 6938 3147
83888 6954 3147
83969 7080 3147
84111 7104 3147
84145 7151 3147
84176 7218 3147
84209 7264 3147
84241 7340 3147
84279 7354 3147
84297 7420 3147
84323 7488 3147
84403 7521 3147
84418 7572 3147
84435 7619 3147
84448 7698 3147
84684 3896 3849
84704 5358 3849
84771 5411 3849
84808 5566 3849
84874 6386 3849
85060 3447 3193
85092 5063 3193
85181 5147 3193
85294 5341 3193
85341 5528 3193
85380 5708 3193
85418 5883 3193
85441 5990 3193
85641 3116 2995
85689 4921 2995
85790 4997 2995
85841 5197 2995
85892 5389 2995
85924 5574 2995
85943 5753 2995
85960 5847 2995
86319 5924 2995
86416 5924 2995
86463 6092 2995
86503 6124 2995
86562 6255 2995
86586 6317 2995
86630 6413 2995
86662 6502 2995
86708 6567 2995
86726 6681 2995
86744 6717 2995
86770 6775 2995
86828 6852 2995
86861 6852 2995
86891 6863 2995
86907 7008 2995
87021 7021 2995
87037 7053 2995
87061 7149 2995
87103 7184 2995
87121 7246 2995
87136 7286 2995
87152 7342 2995
87179 7421 2995
87215 7431 2995
87233 7497 2995
87261 7554 2995
87452 3891 3777
87597 5451 3777
87721 5541 3777
87826 5552 3777
87860 5640 3777
87920 2978 2820
87970 4722 2820
88086 4892 2820
88274 2854 2446
88306 4217 2446
88457 4242 2446
88548 4477 2446
88653 4700 2446
88674 4912 2446
88783 2863 2456
88907 2947 2456
89052 3204 2456
89095 4112 2456
89171 4133 2456
89207 4182 2456
89242 4372 2456
89278 4600 2456
89316 4817 2456
89347 5024 2456
89374 5028 2456
89408 5049 2456
89533 5099 2456
89785 5219 2456
89823 5290 2456
89837 5408 2456
89876 5518 2456
89897 5590 2456
89911 5736 2456
89938 5767 2456
89952 5940 2456
89970 5944 2456
89983 5948 2456
90003 5969 2456
90054 6019 2456
90089 6104 2456
90125 6139 2456
90157 6211 2456
90174 6265 2456
90210 6330 2456
90229 6423 2456
90263 6441 2456
90281 6514 2456
90299 6576 2456
90330 6660 2456
90355 6692 2456
90369 6726 2456
90394 6865 2456
90451 6869 2456
90485 6873 2456
90802 3479 3436
90833 3723 3436
90906 3750 3436
90991 3817 3436
91073 3951 3436
91154 3983 3436
91198 4049 3436
91251 4165 3436
91283 5149 3436
91397 5155 3436
91451 5160 3436
91463 5178 3436
91477 5371 3436
91495 5557 3436
91513 5736 3436
91599 3216 2868
91636 4688 2868
91727 4744 2868
91762 4954 2868
91849 5155 2868
91887 5348 2868
91930 5534 2868
91965 5610 2868
92002 5667 2868
92128 5712 2868
92157 5879 2868
92185 5886 2868
92200 6055 2868
92221 6080 2868
92235 6218 2868
92259 6273 2868
92279 6376 2868
92364 6459 2868
92603 3373 3229
92637 3584 3229
92705 3664 3229
92781 4652 3229
92867 4733 3229
92995 4942 3229
93013 4943 3229
93026 5145 3229
93071 5339 3229
93151 5526 3229
93204 5575 3229
93307 5657 3229
93337 5704 3229
93352 5867 3229
93371 5868 3229
93385 5877 3229
93400 6047 3229
93463 6070 3229
93507 6210 3229
93552 6264 3229
93656 6369 3229
93726 6451 3229
93791 6500 3229
93839 6523 3229
93860 6582 3229
93874 6629 3229
93897 6673 3229
93911 6793 3229
93999 6794 3229
94022 6803 3229
94085 6821 3229
94108 6967 3229
94137 6973 3229
94168 6997 3229
94184 7109 3229
94207 7138 3229
94238 7193 3229
94277 7248 3229
94310 7298 3229
94348 7381 3229
94386 7384 3229
94503 7431 3229
94579 7454 3229
94600 7514 3229
94988 3764 3757
95186 5269 3757
95396 5332 3757
95437 5610 3757
95467 5701 3757
95482 5876 3757
95497 6046 3757
95520 6200 3757
95564 6210 3757
95620 6263 3757
95637 6369 3757
95676 6526 3757
95716 6540 3757
95754 6632 3757
95778 6677 3757
95836 6808 3757
95857 6826 3757
95870 6972 3757
95888 6978 3757
95904 7114 3757
95923 7133 3757
95947 7143 3757
96013 7196 3757
96030 7252 3757
96095 7302 3757
96111 7388 3757
96128 7459 3757
96165 7473 3757
96242 7521 3757
96266 7565 3757
96308 7610 3757
96375 7652 3757
96398 7741 3757
96423 7759 3757
96443 7781 3757
96464 7905 3757
96609 7908 3757
96640 7911 3757
96666 8034 3757
96713 8048 3757
96747 8067 3757
96787 8077 3757
96816 8131 3757
96836 8156 3757
96854 8186 3757
96869 8237 3757
96883 8276 3757
96906 8322 3757
96934 8393 3757
97057 8394 3757
97259 4222 4197
97312 4906 4197
97385 5084 4197
97450 5311 4197
97513 5335 4197
97553 6047 4197
97609 6053 4197
97621 6218 4197
97687 6273 4197
97764 6297 4197
97847 6376 4197
97872 6532 4197
97896 6685 4197
97921 6834 4197
97963 6980 4197
98043 6981 4197
98102 6987 4197
98321 7122 4197
98429 7152 4197
98453 7207 4197
98489 7231 4197
98552 7259 4197
98622 7310 4197
98640 7395 4197
98658 7466 4197
98674 7528 4197
98698 7618 4197
98716 7659 4197
98731 7767 4197
98749 7788 4197
98768 7913 4197
98806 7914 4197
98852 7915 4197
98920 7920 4197
98964 8041 4197
99122 8056 4197
99138 8086 4197
99152 8142 4197
99167 8163 4197
99227 8166 4197
99295 8194 4197
99320 8246 4197
99333 8284 4197
99350 8331 4197
99369 8403 4197
99416 8403 4197
99456 8465 4197
99494 8520 4197
99537 8555 4197
99553 8596 4197
99570 8635 4197
99608 8704 4197
99634 8725 4197
99652 8749 4197
99704 8851 4197
99729 8852 4197
99773 8853 4197
99809 8858 4197
99823 8862 4197
99836 8974 4197
99869 8978 4197
99894 8993 4197
100008 9023 4197
100061 9079 4197
100101 9082 4197
100120 9099 4197
100134 9102 4197
100200 9130 4197
100230 9182 4197
100272 9189 4197
100358 9219 4197
100402 9266 4197
100424 9295 4197
100532 9338 4197
100548 9338 4197
100567 9401 4197
100587 9401 4197
100601 9456 4197
100615 9491 4197
100918 4774 4745
100967 6732 4745
101109 6828 4745
101143 6974 4745
101163 7117 4745
101259 3839 3558
101288 4836 3558
101377 4871 3558
101408 5076 3558
101568 5273 3558
101617 5778 3558
101845 1207 1444
101882 2412 1444
101944 2795 1444
102001 2892 1444
102032 3987 1444
102120 4126 1444
102179 4368 1444
102243 4596 1444
102413 4813 1444
102469 4902 1444
102562 5018 1444
102592 5043 1444
102607 5216 1444
102624 5286 1444
102638 5405 1444
102662 5515 1444
102681 5588 1444
102762 5733 1444
102860 5765 1444
102924 5822 1444
102986 5936 1444
103028 5939 1444
103084 5964 1444
103389 3260 2982
103412 4834 2982
103491 5013 2982
103537 5212 2982
103590 5403 2982
103639 5588 2982
103673 5761 2982
103712 5766 2982
103785 5939 2982
103811 5941 2982
103920 6107 2982
103957 6141 2982
103990 6269 2982
104028 6333 2982
104048 6427 2982
104075 6518 2982
104116 6581 2982
104148 6691 2982
104194 6696 2982
104227 6730 2982
104294 6869 2982
104317 6871 2982
104343 6877 2982
104361 7022 2982
104440 7037 2982
104458 7071 2982
104491 7162 2982
104514 7199 2982
104527 7263 2982
104539 7299 2982
104573 7357 2982
104593 7434 2982
104610 7448 2982
104636 7511 2982
104670 7566 2982
104722 7621 2982
104762 7626 2982
104828 7661 2982
104858 7696 2982
104889 7800 2982
104930 7802 2982
105000 7808 2982
105017 7823 2982
105031 7950 2982
105050 7952 2982
105069 7967 2982
105089 8002 2982
105103 8073 2982
105142 8093 2982
105158 8130 2982
105173 8195 2982
105213 8195 2982
105230 8231 2982
105340 8289 2982
105379 8315 2982
105393 8367 2982
105407 8381 2982
105420 8434 2982
105437 8444 2982
105467 8500 2982
105493 8551 2982
105507 8555 2982
105532 8560 2982
105581 8595 2982
105641 8630 2982
105661 8665 2982
105675 8735 2982
105691 8737 2982
105704 8743 2982
105722 8758 2982
105739 8778 2982
105753 8886 2982
105791 8888 2982
105895 8890 2982
105926 8902 2982
105947 8937 2982
105961 9001 2982
105976 9009 2982
105990 9029 2982
106029 9066 2982
106047 9110 2982
106064 9131 2982
106078 9131 2982
106091 9167 2982
106124 9218 2982
106146 9225 2982
106159 9251 2982
106173 9303 2982
106206 9317 2982
106239 9323 2982
106256 9369 2982
106290 9379 2982
106308 9428 2982
106325 9435 2982
106339 9486 2982
106372 9490 2982
106816 4756 4745
106921 4827 4745
106986 4829 4745
107053 4896 4745
107104 4965 4745
107211 5032 4745
107266 5100 4745
107338 5104 4745
107397 5116 4745
107475 5145 4745
107534 5183 4745
107627 5225 4745
107672 5607 4745
107785 6320 4745
107893 6387 4745
107920 6476 4745
108045 6481 4745
108084 7372 4745
108183 7397 4745
108197 7461 4745
108224 7466 4745
108248 7530 4745
108273 7662 4745
108291 7792 4745
108308 7920 4745
108400 8046 4745
108522 8170 4745
108788 8292 4745
108836 8314 4745
108858 8339 4745
108874 8403 4745
108938 8408 4745
108995 8409 4745
109011 8472 4745
109037 8527 4745
109052 8604 4745
109069 8643 4745
109082 8734 4745
109100 8757 4745
109114 8862 4745
109152 8871 4745
109167 8983 4745
109392 4501 4491
109418 6486 4491
109508 6488 4491
109570 6642 4491
109598 6792 4491
109617 6939 4491
109653 7083 4491
109761 7224 4491
109783 7362 4491
109802 7425 4491
109830 7427 4491
109907 7495 4491
109929 7580 4491
109955 7627 4491
109970 7730 4491
109989 7756 4491
110003 7877 4491
110043 7884 4491
110081 8010 4491
110145 8020 4491
110162 8134 4491
110292 8161 4491
110401 8256 4491
110424 8299 4491
110716 4277 4149
110762 6092 4149
111032 6147 4149
111121 6309 4149
111159 6467 4149
111199 6621 4149
111226 6772 4149
111279 6919 4149
111295 7027 4149
111450 3583 3513
111474 5475 3513
111573 5515 3513
111601 5696 3513
111737 3199 2848
111783 4666 2848
111901 4731 2848
111931 4942 2848
111968 5144 2848
112024 5338 2848
112111 5525 2848
112132 5590 2848
112212 5656 2848
112289 5703 2848
112323 5868 2848
112342 5877 2848
112356 6047 2848
112377 6070 2848
112391 6211 2848
112446 6265 2848
112560 6370 2848
112598 6452 2848
112618 6518 2848
112657 6525 2848
112694 6584 2848
112712 6631 2848
112730 6675 2848
112744 6796 2848
112908 3417 3398
112938 4330 3398
113012 4415 3398
113056 4784 3398
113144 4853 3398
113200 5358 3398
113231 5398 3398
113247 5583 3398
113272 5723 3398
113340 5760 3398
113407 5792 3398
113533 5932 3398
113567 6100 3398
113630 6263 3398
113676 6285 3398
113691 6325 3398
113770 6420 3398
113907 6510 3398
113930 6574 3398
113943 6651 3398
113978 6689 3398
114057 6721 3398
114209 3366 3360
114264 4851 3360
114384 4870 3360
114419 5199 3360
114466 5256 3360
114481 5446 3360
114498 5629 3360
114516 5780 3360
114604 5799 3360
114682 5805 3360
114816 5977 3360
114856 6127 3360
114889 6143 3360
114920 6184 3360
114948 6304 3360
114988 6374 3360
115015 6460 3360
115041 6557 3360
115059 6613 3360
115114 6708 3360
115178 6727 3360
115235 6733 3360
115366 3423 3366
115392 5274 3366
115503 5302 3366
115533 5311 3366
115580 5397 3366
115607 5582 3366
115625 5761 3366
115643 5934 3366
115668 6102 3366
115688 6202 3366
115726 6230 3366
115786 6239 3366
115819 6263 3366
115894 6326 3366
115913 6421 3366
115937 6511 3366
115960 6575 3366
116040 6690 3366
116164 3416 3345
116183 4319 3345
116243 4359 3345
116329 4464 3345
116440 4974 3345
116542 5064 3345
116573 5406 3345
116632 5556 3345
116660 5735 3345
116679 5904 3345
116731 5908 3345
116756 5995 3345
116776 6075 3345
116792 6239 3345
116831 6334 3345
116855 6398 3345
116885 6484 3345
117178 1444 1621
117206 3444 1621
117272 3592 1621
117307 4574 1621
117389 4587 1621
117428 4782 1621
117450 4991 1621
117474 5191 1621
117503 5383 1621
117520 5497 1621
117556 5510 1621
117597 5566 1621
117616 5706 1621
117639 5744 1621
117654 5916 1621
117691 5917 1621
117723 6086 1621
117762 6117 1621
117783 6249 1621
117856 6310 1621
117898 6407 1621
117923 6424 1621
117953 6437 1621
118044 6494 1621
118122 6560 1621
118148 6634 1621
118187 6672 1621
118205 6710 1621
118220 6845 1621
118310 6846 1621
118601 3447 3423
118629 5018 3423
118706 5076 3423
118941 5133 3423
118991 5996 3423
119029 6054 3423
119109 6089 3423
119156 6110 3423
119183 6251 3423
119232 6410 3423
119330 6566 3423
119382 6718 3423
119427 6930 3423
119479 6989 3423
119509 7011 3423
119535 7023 3423
119549 7044 3423
119562 7151 3423
119581 7186 3423
119593 7290 3423
119610 7346 3423
119622 7426 3423
119647 7502 3423
119664 7559 3423
119679 7653 3423
119696 7689 3423
119710 7819 3423
119753 7865 3423
119797 7924 3423
119865 7945 3423
119895 7946 3423
119932 7958 3423
119956 7979 3423
119970 8068 3423
119986 8086 3423
119999 8121 3423
120034 8190 3423
120072 8225 3423
120091 8281 3423
120343 4198 4140
120365 4299 4140
120408 4432 4140
120436 5394 4140
120532 5530 4140
120564 5898 4140
120640 6061 4140
120672 6225 4140
120691 6331 4140
120738 6384 4140
120868 6467 4140
120896 6539 4140
120920 6691 4140
120985 6830 4140
121043 6839 4140
121065 6985 4140
121216 6993 4140
121399 3764 3496
121462 5372 3496
121612 5548 3496
121640 5728 3496
121666 5902 3496
121684 6071 3496
121737 6235 3496
121927 6303 3496
122022 6394 3496
122053 6479 3496
122071 6548 3496
122085 6659 3496
122102 6699 3496
122117 6833 3496
122141 6847 3496
122155 6993 3496
122174 7003 3496
122195 7135 3496
122216 7167 3496
122239 7235 3496
122305 7272 3496
122570 3744 3636
122605 5277 3636
122691 5327 3636
122722 5490 3636
122755 5622 3636
122801 5799 3636
122827 5971 3636
122844 6138 3636
122870 6205 3636
122927 6256 3636
122954 6299 3636
122989 6419 3636
123009 6456 3636
123027 6552 3636
123051 6609 3636
123065 6729 3636
123094 6758 3636
123174 6901 3636
123239 6905 3636
123391 3741 3452
123421 5310 3452
123530 5316 3452
123590 5333 3452
123628 5520 3452
123660 5701 3452
123687 5876 3452
123771 3278 2938
123804 4046 2938
123877 4164 2938
123909 4614 2938
123937 4640 2938
123952 4855 2938
123990 4971 2938
124078 5058 2938
124107 5090 2938
124121 5254 2938
124149 5444 2938
124175 5534 2938
124191 5561 2938
124227 5625 2938
124241 5777 2938
124270 5802 2938
124347 5894 2938
124432 5972 2938
124474 5981 2938
124501 6013 2938
124749 3254 3006
124777 3561 3006
124855 3685 3006
124888 3890 3006
124952 3998 3006
124989 4658 3006
125026 4815 3006
125084 4833 3006
125138 4943 3006
125168 5019 3006
125191 5218 3006
125228 5409 3006
125296 5580 3006
125381 5593 3006
125397 5738 3006
125416 5756 3006
125584 5769 3006
125614 5867 3006
125645 5940 3006
125661 5943 3006
125674 6108 3006
125699 6143 3006
125756 6270 3006
125842 6335 3006
126107 6428 3006
126141 6506 3006
126158 6519 3006
126175 6581 3006
126191 6665 3006
126208 6684 3006
126231 6697 3006
126271 6731 3006
126291 6795 3006
126373 6869 3006
126390 6872 3006
126403 6877 3006
126416 7022 3006
126455 7037 3006
126470 7072 3006
126493 7162 3006
126515 7199 3006
126541 7264 3006
126637 7299 3006
126667 7357 3006
126701 7434 3006
126727 7435 3006
126741 7448 3006
126763 7510 3006
126785 7565 3006
126799 7593 3006
126813 7612 3006
126991 7625 3006
127053 7659 3006
127087 7694 3006
127334 3906 3847
127380 5591 3847
127460 5620 3847
127570 5624 3847
127597 6584 3847
127667 6613 3847
127730 6617 3847
127767 6673 3847
127990 2000 1668
128034 4836 1668
128167 4903 1668
128238 2858 2451
128278 4223 2451
128362 4245 2451
128389 4480 2451
128416 4703 2451
128433 4915 2451
128557 2864 2457
128593 4230 2457
128692 4250 2457
128731 4485 2457
128785 4707 2457
128812 4919 2457
128830 5122 2457
128854 5150 2457
128916 5170 2457
129074 2875 2585
129100 3570 2585
129170 3827 2585
129210 3848 2585
129254 4107 2585
129300 4775 2585
129336 4796 2585
129394 4827 2585
129475 5034 2585
129517 5055 2585
129531 5231 2585
129549 5613 2585
129573 5705 2585
129593 5726 2585
129629 5757 2585
129964 5787 2585
130005 5959 2585
130036 5964 2585
130056 5985 2585
130079 6125 2585
130145 6162 2585
130185 6286 2585
130215 6445 2585
130249 6540 2585
130297 6599 2585
130503 3367 3299
130536 4190 3299
130661 4219 3299
130710 4494 3299
130813 4652 3299
130862 5155 3299
131074 2831 2577
131102 4420 2577
131170 4533 2577
131197 4753 2577
131246 4963 2577
131278 5164 2577
131318 5341 2577
131403 5356 2577
131494 5455 2577
131539 5540 2577
131558 5675 2577
131642 5718 2577
131764 5886 2577
131832 5892 2577
131864 6061 2577
131922 6088 2577
131954 6225 2577
131985 6266 2577
132013 6281 2577
132045 6381 2577
132271 3193 3190
132300 3731 3190
132353 3806 3190
132382 4953 3190
132474 5080 3190
132516 5276 3190
132546 5465 3190
132568 5647 3190
132599 5824 3190
132811 5879 3190
132875 5994 3190
132924 6007 3190
132950 6160 3190
132981 6204 3190
133037 6320 3190
133098 6393 3190
133118 6476 3190
133147 6575 3190
133180 6628 3190
133255 6752 3190
133275 6778 3190
133290 6807 3190
133350 6923 3190
133429 6923 3190
133621 6935 3190
133658 7066 3190
133679 7088 3190
133850 3634 3544
133875 4761 3544
133941 4803 3544
134009 5317 3544
134058 5458 3544
134077 5641 3544
134098 5700 3544
134204 5742 3544
134298 5814 3544
134441 3250 2907
134474 4731 2907
134574 4770 2907
134612 4979 2907
134715 5179 2907
134864 2975 2589
134897 3311 2589
134975 3475 2589
135008 4232 2589
135052 4263 2589
135159 4424 2589
135195 4428 2589
135209 4649 2589
135225 4864 2589
135245 5069 2589
135274 5150 2589
135289 5181 2589
135321 5263 2589
135375 5343 2589
135390 5347 2589
135404 5450 2589
135441 5569 2589
135467 5632 2589
135481 5785 2589
135499 5808 2589
135513 5980 2589
135540 5991 2589
135564 6073 2589
135579 6104 2589
135618 6144 2589
135681 6186 2589
135699 6267 2589
135810 6271 2589
135830 6303 2589
135861 6374 2589
135875 6460 2589
135891 6493 2589
135919 6556 2589
135940 6612 2589
135977 6710 2589
136002 6733 2589
136015 6761 2589
136029 6905 2589
136059 6907 2589
136122 6915 2589
136186 6998 2589
136271 7030 2589
136352 7050 2589
136382 7070 2589
136396 7113 2589
136410 7190 2589
136433 7194 2589
136446 7198 2589
136460 7230 2589
136479 7302 2589
136756 3699 3651
136890 5108 3651
136984 5482 3651
137025 5641 3651
137043 5818 3651
137069 5989 3651
137087 6042 3651
137171 6154 3651
137207 6316 3651
137234 6412 3651
137252 6473 3651
137266 6572 3651
137346 6626 3651
137360 6749 3651
137377 6775 3651
137431 6920 3651
137458 6921 3651
137471 6973 3651
137518 7064 3651
137571 7085 3651
137586 7204 3651
137623 7247 3651
137642 7341 3651
137660 7343 3651
137673 7404 3651
137704 7475 3651
137732 7503 3651
138069 1413 1875
138138 8262 1875
138258 8291 1875
138308 8325 1875
138334 8445 1875
138359 8563 1875
138382 8679 1875
138462 8794 1875
138496 8907 1875
138530 9019 1875
138590 9129 1875
138777 9209 1875
138868 9237 1875
138984 4619 4618
139036 6617 4618
139129 6732 4618
139160 6880 4618
139184 7025 4618
139215 7167 4618
139232 7306 4618
139260 7442 4618
139335 7556 4618
139463 7575 4618
139599 7671 4618
139637 7705 4618
139666 7819 4618
139704 7834 4618
139729 7961 4618
139760 7964 4618
139779 8086 4618
139816 8106 4618
139836 8208 4618
139878 8245 4618
140125 8329 4618
140158 8382 4618
140241 8448 4618
140267 8496 4618
140307 8515 4618
140360 8564 4618
140394 8611 4618
140433 8646 4618
140476 8680 4618
140497 8760 4618
140517 8775 4618
140533 8793 4618
140551 8902 4618
140975 8905 4618
141038 8906 4618
141144 9018 4618
141198 9027 4618
141212 9047 4618
141227 9127 4618
141295 9149 4618
141625 4648 4574
141677 6015 4574
141983 1094 3007
142017 7015 3007
142141 7026 3007
142285 7168 3007
142361 7307 3007
142407 7443 3007
142563 7577 3007
142593 7708 3007
142619 7837 3007
142645 7956 3007
142728 7964 3007
142831 7967 3007
142881 8089 3007
142919 8109 3007
142939 8211 3007
142964 8248 3007
143017 8332 3007
143070 8385 3007
143091 8451 3007
143114 8519 3007
143140 8568 3007
143160 8650 3007
143186 8683 3007
143208 8779 3007
143235 8797 3007
143257 8898 3007
143302 8906 3007
143371 8909 3007
143392 8909 3007
143407 9021 3007
143437 9030 3007
143522 9050 3007
143597 9129 3007
143841 4610 4564
143869 5580 4564
144025 5636 4564
144055 5990 4564
144173 6597 4564
144242 6652 4564
144268 6802 4564
144410 3692 3401
144446 5266 3401
144540 5303 3401
144585 5491 3401
144625 5673 3401
144653 5849 3401
144741 6019 3401
144764 6185 3401
144786 6195 3401
144809 6232 3401
144891 6343 3401
144927 6420 3401
144947 6499 3401
145060 6602 3401
145079 6651 3401
145099 6778 3401
145143 6800 3401
145162 6947 3401
145180 6949 3401
145210 7090 3401
145236 7116 3401
145250 7126 3401
145272 7164 3401
145332 7228 3401
145363 7275 3401
145390 7353 3401
145423 7365 3401
145477 7432 3401
145508 7499 3401
145549 7535 3401
145567 7584 3401
145584 7630 3401
145598 7712 3401
145631 7734 3401
145649 7759 3401
145685 7881 3401
145708 7883 3401
145721 7887 3401
145734 8013 3401
145770 8024 3401
145788 8050 3401
145802 8060 3401
145824 8098 3401
145857 8135 3401
145894 8163 3401
145923 8210 3401
145946 8256 3401
145985 8287 3401
146003 8299 3401
146017 8367 3401
146049 8375 3401
146066 8434 3401
146081 8470 3401
146113 8492 3401
146413 5423 4246
146565 5447 4246
146627 5706 4246
146800 5725 4246
146831 5958 4246
147083 1280 2979
147119 3423 2979
147260 1159 1711
147288 4535 1711
147372 4544 1711
147412 4764 1711
147436 4973 1711
147469 5174 1711
147515 5367 1711
147650 2866 2683
147680 4566 2683
147766 4704 2683
147798 4916 2683
147897 5119 2683
148066 5314 2683
148101 5489 2683
148138 5501 2683
148217 5628 2683
148268 5680 2683
148370 5841 2683
148425 5855 2683
148460 6025 2683
148489 6044 2683
148506 6189 2683
148546 6239 2683
148561 6348 2683
148578 6414 2683
148605 6426 2683
148630 6503 2683
148651 6554 2683
148695 6607 2683
148754 6655 2683
148769 6768 2683
148801 6782 2683
148878 6803 2683
148937 6949 2683
148958 6952 2683
148974 6971 2683
148992 7091 2683
149009 7117 2683
149027 7168 2683
149073 7230 2683
149114 7278 2683
149129 7345 2683
149156 7357 2683
149200 7366 2683
149248 7434 2683
149281 7485 2683
149455 7500 2683
149478 7538 2683
149493 7586 2683
149510 7631 2683
149549 7699 2683
149577 7713 2683
149608 7734 2683
149638 7759 2683
149677 7881 2683
149728 7884 2683
149742 7886 2683
149902 3976 3943
149931 5041 3943
150207 1129 2520
150242 2260 2520
150337 2629 2520
150442 2762 2520
150518 2829 2520
150586 3297 2520
150706 3304 2520
150758 3765 2520
150784 3921 2520
150799 4176 2520
150828 4213 2520
150898 4220 2520
150941 4411 2520
150966 4637 2520
150990 4675 2520
151008 4834 2520
151112 4850 2520
151132 5056 2520
151160 5090 2520
151174 5128 2520
151205 5135 2520
151242 5249 2520
151293 5327 2520
151368 5437 2520
151387 5554 2520
151423 5592 2520
151441 5618 2520
151466 5752 2520
151527 5768 2520
151544 5794 2520
151573 5966 2520
151618 5975 2520
151670 6010 2520
151739 6048 2520
151810 6055 2520
151864 6130 2520
152099 3146 3065
152119 5015 3065
152299 2854 2507
152354 4306 2507
152503 4504 2507
152539 4726 2507
152558 4937 2507
152584 5139 2507
152633 5226 2507
152672 5331 2507
152868 2854 2665
152899 4429 2665
153021 4503 2665
153071 4651 2665
153098 4866 2665
153117 5071 2665
153135 5268 2665
153155 5349 2665
153190 5424 2665
153252 5454 2665
153285 5573 2665
153432 2911 2786
153452 4628 2786
153658 4676 2786
153696 4841 2786
153717 5047 2786
153745 5245 2786
153837 3003 2622
153871 3616 2622
153961 3659 2622
154031 4272 2622
154067 4448 2622
154085 4550 2622
154139 4594 2622
154182 4668 2622
154248 4882 2622
154313 5086 2622
154336 5187 2622
154351 5280 2622
154368 5364 2622
154382 5466 2622
154401 5467 2622
154444 5511 2622
154567 5586 2622
154774 5645 2622
154802 5801 2622
154833 5821 2622
154854 5992 2622
154881 6006 2622
154972 6108 2622
155016 6156 2622
155047 6201 2622
155108 6286 2622
155136 6315 2622
155158 6388 2622
155196 6389 2622
155225 6434 2622
155497 3290 3217
155521 5173 3217
155613 5328 3217
155643 5515 3217
155662 5696 3217
155679 5871 3217
155721 6041 3217
155869 6102 3217
155903 6205 3217
155949 6257 3217
155970 6364 3217
156147 6444 3217
156170 6519 3217
156198 6625 3217
156259 6670 3217
156482 3596 3335
156518 5208 3335
156670 2730 2604
156741 4516 2604
156911 4543 2604
156955 4763 2604
156988 4972 2604
157012 5173 2604
157063 5366 2604
157115 5439 2604
157184 5466 2604
157218 5549 2604
157234 5686 2604
157252 5727 2604
157267 5896 2604
157284 5900 2604
157296 6069 2604
157365 6097 2604
157393 6232 2604
157456 6290 2604
157476 6364 2604
157573 6390 2604
157614 6391 2604
157632 6475 2604
157654 6544 2604
157676 6612 2604
157700 6654 2604
157759 6695 2604
157776 6824 2604
157795 6828 2604
157948 3443 3414
157975 4091 3414
158048 4194 3414
158092 4520 3414
158160 4635 3414
158252 5132 3414
158280 5161 3414
158304 5354 3414
158500 2880 2677
158529 4550 2677
158613 4691 2677
158665 4904 2677
158690 5107 2677
158716 5302 2677
158745 5472 2677
158783 5489 2677
158818 5614 2677
158864 5669 2677
158882 5828 2677
158898 5844 2677
158911 6015 2677
158942 6032 2677
158978 6180 2677
159021 6228 2677
159097 6340 2677
159137 6399 2677
159177 6416 2677
159219 6495 2677
159244 6541 2677
159290 6596 2677
159384 6646 2677
159463 6756 2677
159483 6772 2677
159497 6795 2677
159511 6942 2677
159562 6944 2677
159581 6961 2677
159598 7084 2677
159615 7109 2677
159804 3652 3554
159873 3873 3554
159978 3985 3554
160055 5317 3554
160180 5355 3554
160237 5487 3554
160385 3107 2743
160416 4551 2743
160497 4663 2743
160561 4877 2743
160602 5082 2743
160658 5278 2743
160675 5467 2743
160692 5473 2743
160719 5587 2743
160831 5647 2743
160848 5802 2743
160887 5823 2743
160923 5994 2743
160946 6007 2743
160963 6159 2743
161016 6204 2743
161113 6320 2743
161142 6393 2743
161157 6399 2743
161176 6475 2743
161216 6513 2743
161287 6573 2743
161304 6626 2743
161318 6728 2743
161349 6749 2743
161380 6775 2743
161412 6921 2743
161439 6921 2743
161467 6933 2743
161488 7064 2743
161512 7086 2743
161583 7131 2743
161629 7203 2743
161648 7247 2743
161662 7321 2743
161683 7327 2743
161723 7339 2743
161778 7403 2743
161795 7441 2743
161816 7472 2743
161861 7501 2743
161890 7555 2743
161941 7604 2743
161956 7657 2743
161986 7678 2743
162017 7704 2743
162069 7733 2743
162151 7851 2743
162230 7851 2743
162249 7861 2743
162264 7863 2743
162321 7987 2743
162348 7995 2743
162412 8017 2743
162425 8062 2743
162439 8110 2743
162455 8179 2743
162470 8231 2743
162486 8252 2743
162499 8258 2743
162521 8270 2743
162545 8335 2743
162568 8349 2743
162586 8373 2743
162622 8405 2743
162687 8434 2743
162829 8467 2743
163185 8488 2743
163486 8537 2743
163522 8583 2743
163543 8590 2743
163563 8611 2743
163584 8637 2743
163603 8666 2743
163618 8696 2743
163632 8784 2743
163658 8784 2743
163671 8794 2743
163685 8796 2743
163699 8809 2743
163711 8921 2743
163749 8922 2743
163865 8928 2743
163912 8950 2743
163945 8996 2743
163965 9032 2743
163987 9044 2743
164002 9114 2743
164017 9141 2743
164117 9166 2743
164134 9188 2743
164146 9194 2743
164160 9206 2743
164176 9248 2743
164193 9271 2743
164207 9285 2743
164225 9309 2743
164253 9341 2743
164276 9354 2743
164289 9370 2743
164303 9403 2743
164316 9424 2743
164340 9459 2743
164366 9473 2743
164421 9519 2743
164471 9526 2743
164801 4806 4763
164840 5184 4763
164924 5208 4763
164994 6623 4763
165121 6746 4763
165177 6894 4763
165221 7039 4763
165240 7181 4763
165277 7320 4763
165384 7456 4763
165421 7563 4763
165497 7589 4763
165636 7687 4763
165770 3909 3843
165807 5810 3843
165902 5907 3843
165964 6076 3843
165990 6240 3843
166020 6400 3843
166048 6556 3843
166143 6708 3843
166164 6744 3843
166202 6842 3843
166236 6855 3843
166316 7000 3843
166370 7010 3843
166578 3768 3505
166597 5383 3505
166668 5552 3505
166719 5732 3505
166795 5906 3505
166878 6075 3505
166921 6239 3505
166946 6314 3505
166986 6398 3505
167031 6484 3505
167070 6553 3505
167090 6664 3505
167128 6704 3505
167147 6839 3505
167172 6852 3505
167186 6997 3505
167218 7007 3505
167240 7139 3505
167275 7172 3505
167294 7247 3505
167355 7276 3505
167442 7330 3505
167477 7412 3505
167505 7416 3505
167566 7485 3505
167599 7544 3505
167619 7596 3505
167637 7636 3505
167660 7674 3505
167940 7771 3505
168006 7784 3505
168031 7803 3505
168052 7930 3505
168080 7930 3505
168227 7940 3505
168337 8055 3505
168368 8072 3505
168390 8105 3505
168412 8177 3505
168530 8180 3505
168587 8210 3505
168618 8265 3505
168913 4197 4132
168944 4834 4132
169024 4901 4132
169054 5524 4132
169129 5552 4132
169157 5872 4132
169187 5873 4132
169201 6043 4132
169239 6208 4132
169471 6369 4132
170541 3365 3184
170595 5085 3184
170752 5209 3184
170781 5400 3184
170815 5585 3184
170833 5764 3184
170872 5937 3184
170960 6013 3184
171097 6103 3184
171144 6137 3184
171163 6265 3184
171181 6328 3184
171195 6422 3184
171255 6513 3184
171571 3383 3256
171633 5185 3256
171800 5358 3256
171845 5544 3256
171901 5724 3256
171947 5898 3256
171988 6067 3256
172045 6113 3256
172140 3290 3056
172176 4930 3056
172266 5052 3056
172300 5249 3056
172323 5439 3056
172343 5622 3056
172380 5799 3056
172470 5855 3056
172512 5970 3056
172545 5978 3056
172563 6136 3056
172588 6176 3056
172602 6297 3056
172752 3287 3148
172786 3457 3148
172862 3636 3148
172894 4921 3148
172978 5063 3148
173012 5260 3148
173038 5450 3148
173072 5633 3148
173208 3171 2816
173289 4632 2816
173373 4711 2816
173414 4923 2816
173438 5126 2816
173479 5321 2816
173515 5508 2816
173537 5556 2816
173599 5636 2816
173709 5687 2816
173742 5849 2816
173783 5862 2816
173807 6032 2816
173862 6052 2816
174105 3314 3026
174148 4876 3026
174256 5044 3026
174304 5242 3026
174345 5432 3026
174385 5616 3026
174418 5794 3026
174493 5803 3026
174595 5966 3026
174729 5973 3026
174757 6133 3026
174798 6172 3026
174843 6294 3026
174931 6362 3026
174950 6451 3026
174966 6546 3026
174983 6604 3026
174997 6724 3026
175021 6733 3026
175044 6754 3026
175068 6897 3026
175087 6901 3026
175100 6903 3026
175113 7045 3026
175133 7063 3026
175147 7102 3026
175305 3716 3551
175324 3929 3551
175464 3981 3551
175498 5366 3551
175573 5456 3551
175724 3094 2728
175763 3417 2728
175802 3709 2728
175865 3978 2728
175933 4480 2728
175988 4638 2728
176082 4700 2728
176147 4908 2728
176175 4912 2728
176188 5115 2728
176214 5310 2728
176235 5400 2728
176249 5496 2728
176265 5559 2728
176290 5622 2728
176414 5675 2728
176465 5831 2728
176489 5835 2728
176547 5850 2728
176597 6020 2728
176627 6039 2728
176647 6185 2728
176675 6235 2728
176697 6326 2728
176980 3200 3163
177050 3355 3163
177081 5056 3163
177162 5213 3163
177232 5404 3163
177284 5589 3163
177308 5767 3163
177340 5940 3163
177402 5984 3163
177445 6107 3163
177483 6141 3163
177499 6269 3163
177517 6333 3163
177600 6427 3163
177618 6518 3163
177639 6581 3163
177659 6697 3163
177688 6731 3163
177716 6870 3163
177747 6878 3163
177785 6913 3163
177866 7022 3163
177928 7037 3163
178002 7072 3163
178036 7163 3163
178071 7200 3163
178100 7265 3163
178121 7301 3163
178145 7359 3163
178161 7436 3163
178183 7450 3163
178208 7513 3163
178236 7568 3163
178251 7629 3163
178275 7663 3163
178312 7698 3163
178333 7803 3163
178356 7811 3163
178378 7826 3163
178405 7846 3163
178640 4137 3923
178669 4996 3923
178767 5084 3923
178818 5675 3923
178847 5850 3923
178868 5944 3923
178936 6019 3923
178970 6032 3923
178985 6183 3923
179001 6344 3923
179025 6501 3923
179054 6605 3923
179085 6653 3923
179100 6780 3923
179117 6802 3923
179131 6875 3923
179200 6948 3923
179283 6950 3923
179345 6963 3923
179365 7089 3923
179407 7114 3923
179498 7228 3923
179533 7275 3923
179549 7365 3923
179629 7433 3923
179645 7500 3923
179663 7538 3923
179678 7586 3923
179695 7631 3923
179710 7713 3923
179728 7735 3923
179742 7760 3923
179984 3975 3880
180008 4636 3880
180063 4685 3880
180129 5063 3880
180237 5161 3880
180273 5645 3880
180316 5822 3880
180351 5993 3880
180401 6003 3880
180449 6102 3880
180515 6157 3880
180535 6319 3880
180553 6477 3880
180618 6576 3880
180717 6629 3880
180734 6753 3880
180752 6779 3880
180765 6925 3880
180782 6926 3880
180795 6935 3880
180865 7035 3880
180969 7068 3880
181066 7090 3880
181117 7208 3880
181527 3692 3604
181563 5557 3604
181828 3063 2778
182055 4618 2778
182218 4668 2778
182255 4882 2778
182284 5086 2778
182349 5282 2778
182378 5471 2778
182446 5541 2778
182856 5592 2778
182927 5651 2778
182994 5807 2778
183032 5827 2778
183059 5998 2778
183095 6012 2778
183125 6164 2778
183165 6209 2778
183193 6324 2778
183229 6398 2778
183300 6468 2778
183372 6479 2778
183465 6519 2778
183528 6578 2778
183658 6631 2778
183695 6734 2778
183722 6754 2778
183737 6779 2778
183750 6926 2778
183769 6926 2778
183781 6940 2778
183803 7069 2778
183826 7092 2778
183844 7138 2778
183861 7209 2778
183888 7253 2778
183909 7328 2778
183935 7345 2778
183954 7398 2778
183984 7409 2778
184009 7449 2778
184030 7478 2778
184044 7508 2778
184075 7561 2778
184120 7609 2778
184140 7664 2778
184165 7684 2778
184179 7709 2778
184207 7737 2778
184268 7856 2778
184293 7856 2778
184307 7865 2778
184321 7869 2778
184349 7991 2778
184386 7999 2778
184587 4045 3999
184615 4671 3999
184694 4691 3999
184729 5159 3999
184885 5193 3999
184938 5732 3999
185005 5894 3999
185033 6063 3999
185084 6103 3999
185156 6137 3999
185189 6225 3999
185223 6385 3999
185268 6541 3999
185365 6663 3999
185430 6693 3999
185502 6826 3999
185552 6841 3999
185614 6987 3999
185654 6996 3999
185679 7036 3999
185824 7070 3999
185875 7127 3999
185904 7158 3999
185928 7266 3999
185957 7318 3999
185993 7402 3999
186074 7475 3999
186104 7536 3999
186183 7597 3999
186224 7627 3999
186247 7667 3999
186270 7760 3999
186727 3911 3880
186761 5864 3880
186920 5952 3880
186977 6120 3880
187015 6283 3880
187060 6442 3880
187090 6597 3880
187118 6748 3880
187166 6798 3880
187338 6887 3880
187515 6893 3880
187546 7038 3880
187614 7055 3880
187628 7179 3880
187645 7218 3880
187660 7317 3880
187686 7377 3880
187709 7452 3880
187731 7532 3880
187747 7585 3880
187778 7683 3880
187800 7715 3880
187814 7733 3880
187846 7823 3880
187909 7829 3880
187938 7842 3880
187970 7969 3880
187992 7973 3880
188020 7990 3880
188056 8093 3880
188078 8115 3880
188090 8154 3880
188118 8215 3880
188142 8314 3880
188184 8335 3880
188230 8389 3880
188250 8454 3880
188269 8469 3880
188283 8522 3880
188319 8570 3880
188372 8620 3880
188421 8652 3880
188436 8670 3880
188476 8684 3880
188509 8760 3880
188543 8766 3880
188565 8779 3880
188595 8796 3880
188629 8906 3880
188650 8909 3880
188663 8910 3880
188683 8927 3880
189020 4650 4463
189044 5080 4463
189439 1133 2540
189524 1335 2540
189583 1841 2540
189629 2000 2540
189702 2454 2540
189770 2598 2540
189826 2752 2540
189865 2790 2540
189915 2955 2540
189955 3100 2540
190041 3116 2540
190080 4094 2540
190236 4110 2540
190375 2460 2055
190407 3679 2055
190496 3754 2055
190533 3946 2055
190583 4199 2055
190611 4437 2055
190629 4590 2055
190671 4659 2055
190725 4665 2055
190805 2724 2332
190824 4100 2332
190903 4174 2332
190950 4413 2332
191000 4639 2332
191019 4854 2332
191041 5017 2332
191098 5057 2332
191146 5091 2332
191162 5253 2332
191320 2783 2626
191373 4522 2626
191574 4687 2626
191609 4900 2626
191629 5104 2626
191658 5299 2626
191677 5445 2626
191709 5486 2626
191746 5611 2626
191782 5666 2626
191802 5824 2626
191827 5841 2626
191847 6012 2626
191878 6029 2626
191898 6177 2626
191966 6225 2626
192110 3337 3112
192151 4888 3112
192290 4958 3112
192362 5054 3112
192388 5251 3112
192406 5441 3112
192424 5624 3112
192448 5801 3112
192466 5812 3112
192493 5883 3112
192591 5971 3112
192608 5980 3112
192624 6138 3112
192670 6178 3112
192734 6299 3112
192817 6369 3112
192878 6456 3112
192973 6552 3112
192992 6609 3112
193004 6730 3112
193167 3387 3365
193204 5351 3365
193389 5438 3365
193506 5621 3365
193546 5798 3365
193596 5970 3365
193626 6137 3365
193715 6280 3365
193776 6298 3365
193813 6367 3365
193829 6455 3365
193848 6551 3365
193865 6608 3365
193883 6728 3365
193904 6758 3365
193918 6901 3365
193950 6905 3365
193970 7049 3365
193991 7068 3365
194005 7190 3365
194022 7212 3365
194049 7230 3365
194080 7300 3365
194125 7326 3365
194268 7388 3365
194373 7461 3365
194505 7484 3365
194521 7542 3365
194538 7593 3365
194551 7662 3365
194568 7692 3365
194582 7723 3365
194596 7835 3365
194630 7839 3365
194650 7851 3365
194669 7978 3365
194691 7984 3365
194707 8003 3365
194980 4199 4001
195010 5258 4001
195204 5309 4001
195246 5777 4001
195270 5914 4001
195289 6083 4001
195318 6199 4001
195358 6246 4001
195385 6251 4001
195399 6405 4001
195436 6561 4001
195490 6711 4001
195515 6713 4001
195567 6849 4001
195599 6861 4001
195660 7006 4001
195765 7017 4001
195781 7134 4001
195875 7147 4001
195971 7181 4001
196000 7186 4001
196023 7285 4001
196050 7340 4001
196074 7421 4001
196107 7496 4001
196147 7554 4001
196164 7646 4001
196321 3827 3823
196373 5820 3823
196544 5933 3823
196606 6101 3823
196652 6264 3823
196692 6423 3823
196710 6578 3823
196771 6730 3823
196788 6754 3823
196811 6868 3823
196897 6877 3823
196939 7022 3823
197013 7036 3823
197057 7163 3823
197107 7199 3823
197224 7301 3823
197248 7358 3823
197273 7436 3823
197294 7513 3823
197319 7569 3823
197349 7665 3823
197366 7689 3823
197399 7699 3823
197445 7803 3823
197470 7812 3823
197488 7827 3823
197508 7954 3823
197573 7956 3823
197593 7970 3823
197628 8078 3823
197701 8098 3823
197828 8135 3823
197851 8201 3823
197931 8237 3823
197945 8295 3823
197996 8321 3823
198010 8373 3823
198430 1564 2093
198463 4564 2093
198511 5617 2093
198600 5651 2093
198627 5827 2093
198647 5998 2093
198666 6164 2093
198693 6326 2093
198729 6484 2093
198774 6549 2093
198838 6583 2093
198878 6636 2093
198897 6760 2093
198940 6785 2093
198959 6932 2093
198977 6932 2093
198991 7076 2093
199029 7099 2093
199048 7216 2093
199081 7261 2093
199115 7353 2093
199158 7418 2093
199178 7484 2093
199203 7487 2093
199227 7518 2093
199260 7571 2093
199284 7619 2093
199299 7696 2093
199338 7721 2093
199357 7748 2093
199372 7868 2093
199407 7868 2093
199674 3951 3934
199708 5086 3934
199784 5138 3934
199818 5380 3934
199963 5432 3934
200033 6096 3934
200235 3084 3048
200288 3408 3048
200349 3519 3048
200393 3614 3048
200443 3692 3048
200471 4771 3048
200551 4773 3048
200585 4982 3048
200612 5182 3048
200664 5374 3048
200696 5560 3048
200773 5696 3048
200810 5698 3048
200976 5737 3048
200994 5908 3048
201014 5911 3048
201029 6080 3048
201066 6109 3048
201081 6242 3048
201102 6301 3048
201127 6400 3048
201277 6487 3048
201318 6554 3048
201350 6623 3048
201381 6625 3048
201413 6665 3048
201444 6704 3048
201462 6836 3048
201494 6839 3048
201517 6852 3048
201532 6997 3048
201553 7008 3048
201848 3564 3504
201891 4324 3504
201971 4334 3504
202009 4952 3504
202114 4956 3504
202153 5285 3504
202178 5402 3504
202196 5587 3504
202222 5765 3504
202272 5882 3504
202332 5886 3504
202356 5935 3504
202371 6103 3504
202397 6212 3504
202458 6265 3504
202558 6329 3504
202593 6423 3504
202616 6514 3504
202674 6577 3504
202691 6693 3504
202731 6728 3504
202895 3530 3364
202926 5200 3364
203027 5251 3364
203059 5302 3364
203076 5490 3364
203094 5672 3364
203154 5848 3364
203173 6018 3364
203193 6127 3364
203270 6179 3364
203324 6182 3364
203361 6230 3364
203513 3339 3115
203580 4237 3115
203726 4473 3115
203765 4815 3115
203796 4912 3115
203811 5115 3115
203854 5161 3115
203934 5308 3115
204034 5397 3115
204052 5494 3115
204097 5676 3115
204179 5737 3115
204198 5835 3115
204212 5850 3115
204226 6020 3115
204259 6039 3115
204278 6085 3115
204302 6183 3115
204341 6232 3115
204391 6322 3115
204453 6342 3115
204468 6419 3115
204510 6497 3115
204539 6601 3115
204562 6650 3115
204577 6662 3115
204595 6761 3115
204616 6776 3115
204630 6798 3115
204644 6945 3115
204716 6947 3115
204732 6966 3115
204749 7013 3115
204803 7086 3115
204942 7111 3115
205031 7161 3115
205076 7225 3115
205265 5296 3612
205397 5335 3612
205485 5509 3612
205562 5649 3612
205615 5826 3612
205653 5997 3612
205680 6163 3612
205710 6224 3612
205811 6263 3612
205854 6322 3612
205972 6438 3612
205992 6479 3612
206005 6579 3612
206020 6632 3612
206033 6756 3612
206050 6781 3612
206064 6928 3612
206084 6928 3612
206097 7072 3612
206123 7095 3612
206140 7157 3612
206225 7196 3612
206361 7211 3612
206489 7255 3612
206507 7348 3612
206538 7371 3612
206551 7412 3612
206565 7482 3612
206582 7512 3612
206596 7565 3612
206613 7613 3612
206647 7689 3612
206666 7714 3612
206680 7742 3612
206711 7861 3612
206731 7861 3612
206744 7870 3612
206766 7997 3612
206970 8006 3612
206996 8029 3612
207014 8091 3612
207030 8120 3612
207048 8130 3612
207077 8145 3612
207112 8189 3612
207130 8240 3612
207148 8282 3612
207182 8305 3612
207200 8346 3612
207299 8359 3612
207346 8416 3612
207368 8446 3612
207438 8476 3612
207454 8499 3612
207665 4346 4249
207687 6205 4249
207830 6253 4249
207897 6412 4249
207930 6567 4249
208718 6719 4249
208756 6867 4249
208887 7012 4249
208918 7140 4249
208972 7153 4249
208992 7188 4249
209006 7291 4249
209039 7347 4249
209053 7427 4249
209070 7503 4249
209098 7560 4249
209165 7655 4249
209242 7691 4249
209282 7803 4249
209353 7820 4249
209409 7947 4249
209438 7948 4249
209452 8072 4249
209472 8077 4249
209485 8090 4249
209499 8125 4249
209512 8193 4249
209708 4167 4096
209734 4711 4096
209790 4804 4096
209815 5417 4096
209963 5419 4096
210004 5655 4096
210168 5712 4096
210215 6379 4096
210257 6476 4096
210277 6614 4096
210324 6629 4096
210408 6670 4096
210441 6778 4096
210495 6925 4096
210571 7069 4096
210595 7210 4096
210622 7315 4096
210640 7348 4096
210654 7412 4096
210669 7482 4096
210686 7550 4096
210716 7565 4096
210788 7607 4096
210858 7613 4096
210978 7715 4096
211041 7743 4096
211066 7862 4096
211149 7871 4096
211165 7998 4096
211190 8006 4096
211211 8122 4096
211230 8147 4096
211301 8243 4096
211339 8251 4096
211403 8284 4096
211425 8349 4096
211452 8362 4096
211476 8419 4096
211497 8480 4096
211693 5712 4240
211799 5726 4240
211847 6102 4240
211927 6187 4240
211958 6348 4240
211981 6505 4240
212005 6651 4240
212127 6657 4240
212226 6664 4240
212265 6806 4240
212299 6952 4240
212340 7035 4240
212368 7094 4240
212484 3599 3547
212541 5518 3547
212656 5682 3547
212754 5857 3547
212798 6027 3547
212832 6192 3547
212863 6353 3547
212892 6449 3547
212934 6509 3547
213043 6613 3547
213184 6661 3547
213225 6789 3547
213259 6810 3547
213281 6956 3547
213316 6959 3547
213336 7098 3547
213389 7125 3547
213421 7238 3547
213464 7286 3547
213487 7374 3547
213525 7382 3547
213572 7442 3547
213634 7507 3547
213668 7546 3547
213910 3870 3773
213942 4463 3773
214108 4469 3773
214150 4472 3773
214207 4695 3773
214254 5513 3773
214457 2813 2756
214495 4716 2756
214614 4852 2756
214652 5058 2756
214768 2924 2529
214804 3265 2529
214916 3571 2529
215003 4131 2529
215169 4145 2529
215217 4510 2529
215255 4605 2529
215276 4822 2529
215297 5029 2529
215361 5055 2529
215413 5069 2529
215482 5226 2529
215529 5417 2529
215552 5431 2529
215569 5527 2529
215599 5598 2529
215618 5744 2529
215668 5774 2529
215714 5947 2529
215948 2982 2973
215995 4966 2973
216122 4976 